1936
1940
1941
1943
1943
1944
1943
1946
1946
1941
1937
1933
1936
1930
1922
1918
1914
1897
1884
1870
1851
1827
1785
1704
1588
1452
1368
1310
1256
1195
1161
1124
1090
1067
1043
1027
1005
983
961
946
925
912
899
885
873
860
845
831
818
810
801
792
781
770
761
749
741
734
723
712
706
697
692
682
679
669
664
659
656
647
642
636
630
627
621
617
611
605
600
599
590
589
582
577
576
572
570
566
565
560
556
553
551
548
546
543
542
539
537
534
533
531
529
526
526
526
523
522
521
520
519
520
518
518
516
512
509
507
505
507
506
503
504
503
504
505
503
508
507
506
504
507
510
509
512
516
516
519
519
521
522
523
524
527
528
529
532
533
536
538
537
540
539
540
539
536
536
534
528
527
519
511
503
499
481
464
444
428
408
394
373
360
341
320
304
295
281
276
272
263
265
262
259
266
268
267
274
271
280
272
280
281
283
288
288
293
296
294
299
323
316
325
354
374
399
420
439
453
471
485
495
512
521
524
531
536
538
540
543
544
548
549
552
555
556
559
563
560
563
566
566
566
568
567
568
569
564
566
563
562
566
568
567
566
564
561
561
559
559
559
559
559
556
558
557
557
553
570
572
573
576
577
581
580
580
581
582
583
586
587
586
588
587
588
589
590
588
587
586
588
585
582
580
580
577
578
577
580
576
579
578
579
580
577
574
573
572
567
565
561
557
551
550
545
541
537
532
528
523
518
511
509
505
503
498
497
492
491
489
484
482
477
474
469
467
465
460
458
458
455
453
451
447
446
447
444
440
436
435
435
431
432
431
427
427
427
422
422
420
419
415
415
413
410
412
408
407
405
405
404
404
404
403
404
402
401
402
400
400
398
397
395
397
396
397
394
395
393
393
394
393
394
396
396
395
396
399
395
396
398
401
401
399
403
403
405
405
406
411
409
411
412
416
417
418
417
422
421
423
426
427
429
428
427
427
426
422
423
421
415
418
425
424
428
437
442
451
461
473
484
491
497
504
513
519
528
532
539
549
554
562
568
575
583
588
594
602
608
616
624
632
639
649
658
667
680
689
699
713
722
736
752
764
782
795
810
824
842
854
871
886
903
927
944
977
1003
1054
1098
1157
1256
1391
1653
1790
1832
1855
1878
1891
1904
1914
1919
1926
1929
1930
1931
1935
1934
1938
1939
1938
1938
1939
1935
1938
1937
1935
1934
1935
1933
1935
1934
1937
1937