1931
1935
1933
1940
1942
1942
1939
1938
1938
1939
1936
1934
1928
1925
1921
1919
1910
1904
1892
1872
1857
1828
1790
1709
1544
1432
1320
1256
1189
1140
1105
1076
1051
1030
1010
987
968
942
928
908
895
882
870
858
842
829
817
809
795
784
774
761
753
741
731
722
710
702
694
685
677
672
663
655
650
642
633
629
624
617
611
608
601
598
592
588
585
578
573
568
565
563
557
555
551
549
546
543
540
537
534
531
529
526
524
521
521
516
514
513
510
507
506
504
502
502
500
499
497
498
496
494
492
491
491
491
487
486
487
487
486
485
486
486
485
483
484
485
484
486
486
486
486
488
487
491
494
492
494
496
495
498
500
501
504
507
509
509
512
512
515
514
516
518
518
515
513
512
504
501
494
486
479
471
457
445
424
403
386
368
350
339
327
314
300
292
286
281
274
268
262
259
256
255
263
258
264
274
269
273
274
283
287
282
284
304
314
307
307
320
328
343
373
408
426
443
459
465
482
493
498
518
523
530
536
535
537
543
544
546
549
551
553
559
558
558
561
559
563
563
565
565
568
569
566
568
564
563
564
561
561
562
561
562
560
565
564
562
560
562
564
560
556
554
558
556
560
567
569
571
570
573
574
572
575
575
576
580
578
580
579
579
577
576
576
574
572
573
573
570
566
562
561
557
555
551
548
551
550
550
555
556
557
553
552
553
549
550
542
543
539
533
535
531
526
520
517
514
511
506
506
503
501
498
498
493
493
492
491
485
480
482
481
478
475
471
471
466
465
462
463
459
458
459
457
453
452
451
450
429
447
446
446
443
441
441
438
437
434
435
432
432
430
428
426
426
424
424
423
421
420
419
419
417
416
415
416
414
416
413
414
416
415
413
414
414
411
413
410
413
411
412
413
413
413
411
414
415
413
415
417
419
418
418
422
422
422
424
423
426
427
367
366
432
432
434
437
439
440
441
442
444
444
441
438
436
433
432
430
424
423
426
429
435
442
451
463
464
466
482
504
519
525
539
548
557
564
574
586
593
598
609
614
621
630
637
642
650
660
670
681
691
706
717
728
744
762
776
801
825
849
872
891
916
952
996
1049
1112
1204
1331
1684
1843
1873
1899
1924
1937
1948
1960
1959
1968
1969
1968
1965
1965
1966
1964
1961
1962
1960
1956
1952
1952
1949
1945
1941
1939
1378
1930
1939
1938
1934
1936
1933
1931
1930
1930
1931
1930
1931
1929
1932
1933