1930
1935
1935
1938
1940
1944
1946
1943
1942
1939
1941
1936
1937
1933
1926
1922
1920
1915
1904
1892
1874
1854
1821
1766
1600
1437
1342
1283
1216
1164
1129
1099
1076
1049
1026
1017
987
960
944
927
914
900
885
874
861
847
836
821
809
800
789
774
764
750
739
731
720
708
701
693
684
677
669
664
658
651
643
638
632
626
622
615
612
607
598
595
590
587
580
576
569
569
564
559
557
555
549
544
544
543
539
535
532
529
528
526
522
521
519
517
513
510
509
507
507
503
503
503
502
500
500
496
496
495
494
496
492
493
493
492
489
492
490
489
491
492
492
493
492
492
492
492
494
493
496
497
497
499
501
502
500
504
504
508
511
510
513
516
517
517
521
520
523
524
523
523
521
515
514
509
503
496
487
480
468
452
440
415
402
382
368
352
344
328
314
305
298
292
287
282
279
274
271
270
274
277
281
284
290
288
288
293
307
294
299
321
313
315
318
331
350
355
395
419
445
463
482
487
503
512
517
525
531
536
536
542
547
548
551
555
556
557
559
564
566
566
567
571
570
571
572
571
572
572
573
572
571
568
567
564
566
567
568
569
563
569
565
566
564
560
562
564
559
561
560
559
559
567
567
567
568
568
567
568
566
567
569
568
570
571
572
570
571
571
570
570
569
566
565
562
559
557
552
549
546
543
542
540
546
544
546
548
551
554
551
551
545
540
540
538
534
533
523
520
520
511
508
507
500
496
492
486
484
480
475
474
471
471
469
464
466
466
464
463
461
458
460
455
454
452
450
451
450
448
445
447
444
440
440
438
436
437
436
433
430
432
430
425
427
422
422
421
418
420
416
417
415
414
411
411
411
410
406
408
407
408
406
407
405
402
404
404
403
403
402
403
402
403
404
405
403
405
403
405
404
401
405
405
404
405
408
408
410
408
410
411
414
414
417
417
417
421
418
425
423
427
428
429
432
432
432
430
429
429
424
427
424
424
425
420
422
427
428
435
443
449
459
471
479
492
501
508
515
525
534
541
549
557
562
329
578
584
590
596
601
612
618
627
633
642
650
659
668
677
689
699
712
721
733
746
759
774
784
801
818
834
844
860
876
889
907
926
945
971
998
1037
1080
1129
1207
1296
1495
1732
1806
1843
1864
1882
1896
1904
1916
1920
1926
1925
1935
1930
1933
1937
1936
1937
1938
1934
1937
1936
1936
1934
1933
1933
1934
1934
1934
1934
1933
1932