1935
1939
1937
1940
1942
1944
1945
1945
1940
1941
1937
1932
1930
1929
1922
1915
1907
1903
1890
1877
1860
1840
1795
1734
1591
1470
1370
1308
1253
1197
1151
1119
1086
1064
1039
1021
1001
980
957
939
918
902
892
878
867
849
839
827
816
803
792
785
775
762
753
741
733
722
718
706
695
691
684
676
670
664
659
653
646
640
634
629
623
620
613
609
605
601
595
589
586
582
578
573
571
564
564
560
556
556
551
549
546
543
543
540
537
536
533
530
527
523
523
522
522
520
519
517
516
514
513
514
512
515
512
509
505
505
504
505
504
501
501
495
499
498
503
502
502
503
504
507
510
507
507
511
512
510
513
514
517
518
518
522
523
524
528
529
530
530
533
534
533
537
534
535
531
531
529
522
517
510
502
494
482
470
450
431
418
399
384
370
357
337
320
310
299
299
284
275
273
267
272
273
275
273
273
280
289
278
292
283
297
306
306
292
297
298
305
318
325
350
367
380
404
441
460
480
488
496
506
516
531
536
542
542
549
545
550
553
556
557
558
559
564
564
564
567
568
569
571
568
571
568
567
570
568
567
565
565
566
568
569
567
567
567
566
564
563
562
560
561
561
560
560
556
557
566
567
568
570
568
568
568
569
569
570
569
570
571
573
571
573
572
571
570
569
566
565
562
559
559
555
555
548
546
548
544
543
546
548
551
554
556
554
549
546
546
543
538
535
529
527
524
519
513
511
505
501
493
490
487
484
478
479
476
473
472
469
467
463
460
461
460
460
460
454
454
452
449
450
448
444
442
441
440
441
437
437
436
435
432
432
430
430
427
426
425
424
420
421
417
417
413
414
412
410
412
408
407
409
405
405
406
405
405
405
406
405
406
404
403
402
403
403
402
401
402
400
400
400
403
402
403
402
402
401
403
400
407
405
408
405
407
408
409
410
413
413
416
415
415
419
421
422
424
424
427
429
433
431
432
430
431
429
429
425
428
425
425
425
430
431
435
442
449
460
468
479
488
496
503
513
522
529
535
543
551
558
564
570
577
583
591
600
605
610
619
629
636
643
652
662
670
682
690
702
714
725
738
752
767
781
793
807
823
838
847
866
882
899
918
937
957
996
1029
1073
1114
1183
1298
1453
1701
1805
1839
1861
1885
1897
1907
1916
1922
1926
1929
1931
1934
1935
1937
1938
1939
1937
1937
1938
1936
1935
1936
1936
1934
1930
1929
1932
1933
1931
1934