1936
1938
1939
1940
1939
1945
1943
1946
1947
1939
1937
1933
1931
1931
1926
1917
1912
1908
1900
1881
1872
1848
1812
1747
1630
1505
1399
1323
1267
1216
1170
1135
1103
1075
1054
1031
1013
989
967
950
932
916
901
890
879
864
850
837
826
815
804
793
783
772
765
753
740
732
723
712
706
699
691
685
678
673
664
661
652
650
642
636
632
625
621
617
609
607
601
596
592
587
586
581
578
573
570
568
565
563
561
556
552
550
549
546
544
542
541
536
537
534
531
530
520
526
526
521
521
521
520
520
518
518
516
513
258
507
508
507
507
502
505
504
505
507
504
505
505
507
509
511
511
510
518
515
517
519
521
521
523
522
526
527
527
533
533
533
538
539
540
540
541
543
542
542
543
541
539
532
528
523
516
507
498
486
473
460
442
421
402
388
384
368
349
344
327
320
302
293
286
275
297
299
302
301
306
333
327
316
320
323
327
335
370
365
340
361
387
386
397
427
447
455
472
491
500
505
515
530
538
539
547
557
555
558
561
561
564
565
567
569
569
569
574
575
574
574
578
575
576
579
579
574
576
577
574
577
574
571
574
572
573
571
572
570
567
567
564
564
564
562
562
562
561
557
560
571
568
569
570
575
575
575
575
577
577
578
580
580
581
581
580
582
579
578
577
578
575
574
571
569
562
564
564
559
560
561
561
560
558
560
562
562
562
560
556
548
546
541
538
532
528
525
520
512
507
504
500
497
492
486
483
479
474
474
471
468
468
464
462
463
456
456
458
452
451
450
447
447
444
444
442
439
438
436
434
433
431
430
427
426
425
423
423
418
417
415
416
412
412
407
409
405
408
404
404
404
402
399
400
399
398
399
398
395
397
394
396
391
393
392
389
393
392
391
392
391
388
390
392
391
393
391
393
394
396
394
394
392
397
395
400
395
399
402
401
402
407
408
407
408
410
414
414
415
419
419
421
421
425
424
423
421
424
418
420
419
417
412
415
427
429
430
439
446
449
464
475
484
492
500
504
513
519
528
530
539
542
552
558
563
572
577
584
590
597
605
612
620
627
638
645
658
664
676
686
698
711
721
734
753
763
779
794
810
824
839
855
872
889
910
930
956
988
1035
1071
1136
1220
1351
1628
2045
1840
1867
1888
1906
1911
1916
1925
1930
1932
1932
1933
1939
1936
1937
1936
1934
1935
1936
1936
1936
1930
1934
1932
1932
1930
1931
1929
1931
1930
1934